090
90
90
90
90
90
90
90
90
90
90
90
90
90
90
90
90
90
90
90
90
90
90
90
90
90
90
90
90
90
90
90
150
150
150
150
150
150
150
160
160
160
160
160
160
160
160
160
170
170
170
170
170
170
170
170
170
180
180
180
180
180
180
180
180
180
190
190
190
190
190
190
190
190
190
200
200
200
200
200
200
200
200
210
210
210
210
210
210
210
210
210
220
220
220
220
220
220
220
220
230
230
230
230
230
230
230
230
240
240
240
240
240
240
240
240
250
250
250
250
250
250
250
250
260
260
260
260
260
260
260
260
270
270
270
270
270
270
270
270
280
280
280
280
280
280
280
280
290
290
290
290
290
290
290
290
300
300
300
